  11     0.00000000    F     pp   1s0  2011 Navarro-Perez
        1.00000000        0.00000000       32.65399485        0.05476670
        5.00000000        0.00000000       54.76014770        0.13610247
       10.00000000        0.00000000       55.12538118        0.17736182
       25.00000000        0.00000000       48.63876651        0.08352315
       50.00000000        0.00000000       38.95477408        0.10848375
      100.00000000        0.00000000       24.98332120        0.06541531
      150.00000000        0.00000000       14.79671395        0.10912011
      200.00000000        0.00000000        6.65655898        0.16312839
      250.00000000        0.00000000       -0.17776897        0.19930788
      300.00000000        0.00000000       -6.07831886        0.21430045
      350.00000000        0.00000000      -11.26373899        0.24612590
  11     0.00000000    F     pp   3p0  2011 Navarro-Perez
        1.00000000        0.00000000        0.13318979        0.00150279
        5.00000000        0.00000000        1.58070057        0.01189067
       10.00000000        0.00000000        3.73020505        0.03283425
       25.00000000        0.00000000        8.60476777        0.08047519
       50.00000000        0.00000000       11.57798585        0.10182484
      100.00000000        0.00000000        9.57762308        0.10873017
      150.00000000        0.00000000        4.76558400        0.10023326
      200.00000000        0.00000000       -0.46180010        0.09905051
      250.00000000        0.00000000       -5.55424454        0.10271115
      300.00000000        0.00000000      -10.38389855        0.12353648
      350.00000000        0.00000000      -14.94051782        0.25503741
  11     0.00000000    F     pp   3p1  2011 Navarro-Perez
        1.00000000        0.00000000       -0.10713374        0.00303246
        5.00000000        0.00000000       -0.92126694        0.02148899
       10.00000000        0.00000000       -2.03069139        0.04576865
       25.00000000        0.00000000       -4.80541426        0.09829042
       50.00000000        0.00000000       -8.17251143        0.12904771
      100.00000000        0.00000000      -13.23109890        0.10993727
      150.00000000        0.00000000      -17.53653207        0.12300079
      200.00000000        0.00000000      -21.46183168        0.22962333
      250.00000000        0.00000000      -25.08610466        0.40280834
      300.00000000        0.00000000      -28.43998069        0.62946647
      350.00000000        0.00000000      -31.54449062        0.91162642
  11     0.00000000    F     pp   1d2  2011 Navarro-Perez
        1.00000000        0.00000000        0.00077429        0.00034891
        5.00000000        0.00000000        0.04268684        0.00134126
       10.00000000        0.00000000        0.16648250        0.00173061
       25.00000000        0.00000000        0.69830700        0.00480940
       50.00000000        0.00000000        1.70749309        0.01344315
      100.00000000        0.00000000        3.76619775        0.04059110
      150.00000000        0.00000000        5.63198617        0.06980316
      200.00000000        0.00000000        7.18815928        0.10651711
      250.00000000        0.00000000        8.44841295        0.11954857
      300.00000000        0.00000000        9.47113256        0.05802024
      350.00000000        0.00000000       10.32159769        0.17073038
  11     0.00000000    F     pp   3p2  2011 Navarro-Perez
        1.00000000        0.00000000       0.01319172         0.00143353
        5.00000000        0.00000000       0.21675211         0.00198340
       10.00000000        0.00000000       0.65519020         0.00351550
       25.00000000        0.00000000       2.49460618         0.00861336
       50.00000000        0.00000000       5.83410989         0.02008775
      100.00000000        0.00000000      10.97547191         0.01925289
      150.00000000        0.00000000      13.99275959         0.07232902
      200.00000000        0.00000000      15.69152249         0.10714047
      250.00000000        0.00000000      16.64312597         0.07017034
      300.00000000        0.00000000      17.15745768         0.07299781
      350.00000000        0.00000000      17.40530835         0.27388946
  11     0.00000000    F     pp   ep2  2011 Navarro-Perez
        1.00000000        0.00000000      -0.00092597         0.00041553
        5.00000000        0.00000000      -0.05184648         0.00086299
       10.00000000        0.00000000      -0.20046196         0.00105673
       25.00000000        0.00000000      -0.81226723         0.00791168
       50.00000000        0.00000000      -1.71602844         0.02574403
      100.00000000        0.00000000      -2.67413669         0.05923078
      150.00000000        0.00000000      -2.91173133         0.06749021
      200.00000000        0.00000000      -2.81332115         0.04838980
      250.00000000        0.00000000      -2.58058073         0.02761388
      300.00000000        0.00000000      -2.31011677         0.08182104
      350.00000000        0.00000000      -2.04972923         0.17694555
  11     0.00000000    F     pp   3f2  2011 Navarro-Perez
        1.00000000        0.00000000       0.00000774         0.00000370
        5.00000000        0.00000000       0.00157973         0.00071617
       10.00000000        0.00000000       0.01269755         0.00125429
       25.00000000        0.00000000       0.10357958         0.00205474
       50.00000000        0.00000000       0.33412806         0.00856114
      100.00000000        0.00000000       0.79742708         0.03350801
      150.00000000        0.00000000       1.15216825         0.05448179
      200.00000000        0.00000000       1.35064650         0.06932726
      250.00000000        0.00000000       1.36048038         0.09417935
      300.00000000        0.00000000       1.17661778         0.14752770
      350.00000000        0.00000000       0.80928372         0.25221219
  11     0.00000000    F     pp   3f3  2011 Navarro-Perez
        1.00000000        0.00000000      -0.00002304         0.00001116
        5.00000000        0.00000000      -0.00405227         0.00182948
       10.00000000        0.00000000      -0.03173813         0.00092732
       25.00000000        0.00000000      -0.23037449         0.00035444
       50.00000000        0.00000000      -0.68721206         0.00254466
      100.00000000        0.00000000      -1.49517919         0.02145796
      150.00000000        0.00000000      -2.04398198         0.05334342
      200.00000000        0.00000000      -2.39401627         0.08071472
      250.00000000        0.00000000      -2.61824324         0.08994926
      300.00000000        0.00000000      -2.76460214         0.07171453
      350.00000000        0.00000000      -2.86467324         0.09700496
  11     0.00000000    F     pp   1g4  2011 Navarro-Perez
        1.00000000        0.00000000       0.00000002         0.00000006
        5.00000000        0.00000000       0.00025068         0.00012412
       10.00000000        0.00000000       0.00274734         0.00126756
       25.00000000        0.00000000       0.03986442         0.00015994
       50.00000000        0.00000000       0.15257056         0.00142491
      100.00000000        0.00000000       0.41943333         0.00446507
      150.00000000        0.00000000       0.69069239         0.00998437
      200.00000000        0.00000000       0.96665634         0.01788560
      250.00000000        0.00000000       1.24220377         0.02581489
      300.00000000        0.00000000       1.50583395         0.03894027
      350.00000000        0.00000000       1.74527949         0.08100833
  11     0.00000000    F     pp   3f4  2011 Navarro-Perez
        1.00000000        0.00000000      -0.00000001         0.00000001
        5.00000000        0.00000000       0.00008397         0.00004116
       10.00000000        0.00000000       0.00105305         0.00047788
       25.00000000        0.00000000       0.02006683         0.00028135
       50.00000000        0.00000000       0.11256483         0.00382735
      100.00000000        0.00000000       0.48762911         0.00803554
      150.00000000        0.00000000       1.03433893         0.00432114
      200.00000000        0.00000000       1.65484487         0.01548792
      250.00000000        0.00000000       2.27086826         0.04079516
      300.00000000        0.00000000       2.83077388         0.06720979
      350.00000000        0.00000000       3.30138793         0.11352006
  11     0.00000000    F     pp   ep4  2011 Navarro-Perez
        1.00000000        0.00000000      -0.00000003         0.00000007
        5.00000000        0.00000000      -0.00029339         0.00014077
       10.00000000        0.00000000      -0.00326291         0.00148208
       25.00000000        0.00000000      -0.04919386         0.00041721
       50.00000000        0.00000000      -0.19554947         0.00271578
      100.00000000        0.00000000      -0.54795995         0.00721987
      150.00000000        0.00000000      -0.86779350         0.01649379
      200.00000000        0.00000000      -1.13310967         0.02780088
      250.00000000        0.00000000      -1.34681042         0.03598419
      300.00000000        0.00000000      -1.51015473         0.04338037
      350.00000000        0.00000000      -1.62880239         0.05024282
  11     0.00000000    F     pp   3h4  2011 Navarro-Perez
        1.00000000        0.00000000       0.00000000         0.00000001
        5.00000000        0.00000000       0.00000709         0.00000418
       10.00000000        0.00000000       0.00012662         0.00006552
       25.00000000        0.00000000       0.00332299         0.00149784
       50.00000000        0.00000000       0.02655999         0.00163859
      100.00000000        0.00000000       0.10667984         0.00710960
      150.00000000        0.00000000       0.20733881         0.02372211
      200.00000000        0.00000000       0.31351067         0.04608263
      250.00000000        0.00000000       0.41929971         0.06558378
      300.00000000        0.00000000       0.52171534         0.07510070
      350.00000000        0.00000000       0.61387440         0.06922903
  11     0.00000000    F     np   1s0  2011 Navarro-Perez
        1.00000000        0.00000000      62.05220239         0.07286965
        5.00000000        0.00000000      63.57614778         0.15768047
       10.00000000        0.00000000      59.86732274         0.19038258
       25.00000000        0.00000000      50.75646349         0.20153691
       50.00000000        0.00000000      40.29634997         0.22635705
      100.00000000        0.00000000      26.22893930         0.37926431
      150.00000000        0.00000000      16.12033701         0.49904045
      200.00000000        0.00000000       8.02475062         0.57296609
      250.00000000        0.00000000       1.17421026         0.59791443
      300.00000000        0.00000000      -4.82096557         0.57916982
      350.00000000        0.00000000     -10.20163630         0.62553965
  11     0.00000000    F     np   3p0  2011 Navarro-Perez
        1.00000000        0.00000000       0.18602397         0.01262094
        5.00000000        0.00000000       1.62770064         0.02903416
       10.00000000        0.00000000       3.65243785         0.05683846
       25.00000000        0.00000000       8.16903435         0.12439636
       50.00000000        0.00000000      10.83549428         0.19161021
      100.00000000        0.00000000       8.66082290         0.26647313
      150.00000000        0.00000000       3.83202605         0.27843782
      200.00000000        0.00000000      -1.36373801         0.26923186
      250.00000000        0.00000000      -6.39594541         0.29262446
      300.00000000        0.00000000     -11.14067945         0.40991715
      350.00000000        0.00000000     -15.59043269         0.64869517
  11     0.00000000    F     np   1p1  2011 Navarro-Perez
        1.00000000        0.00000000      -0.19054091         0.00406056
        5.00000000        0.00000000      -1.50739157         0.02442653
       10.00000000        0.00000000      -3.08935863         0.05280344
       25.00000000        0.00000000      -6.44480830         0.12436918
       50.00000000        0.00000000      -9.88227497         0.18836872
      100.00000000        0.00000000     -14.59991415         0.29904697
      150.00000000        0.00000000     -18.44340152         0.42304804
      200.00000000        0.00000000     -21.74890107         0.49884255
      250.00000000        0.00000000     -24.58334706         0.53381164
      300.00000000        0.00000000     -26.99613941         0.62445287
      350.00000000        0.00000000     -29.04322442         0.87993470
  11     0.00000000    F     np   3s1  2011 Navarro-Perez
        1.00000000        0.00000000     147.73037784         0.03764425
        5.00000000        0.00000000     118.15091440         0.06272446
       10.00000000        0.00000000     102.57631231         0.06920181
       25.00000000        0.00000000      80.57883595         0.08208791
       50.00000000        0.00000000      62.68973039         0.12013534
      100.00000000        0.00000000      43.11002395         0.20550664
      150.00000000        0.00000000      30.59218536         0.28958539
      200.00000000        0.00000000      21.14806060         0.39057686
      250.00000000        0.00000000      13.44753520         0.55649819
      300.00000000        0.00000000       6.89699385         0.77791476
      350.00000000        0.00000000       1.13750821         1.09063752
  11     0.00000000    F     np   ep1  2011 Navarro-Perez
        1.00000000        0.00000000       0.10620739         0.00256860
        5.00000000        0.00000000       0.66890506         0.00796444
       10.00000000        0.00000000       1.15128011         0.01431242
       25.00000000        0.00000000       1.76897828         0.02446872
       50.00000000        0.00000000       2.07623784         0.04546349
      100.00000000        0.00000000       2.41622613         0.07995383
      150.00000000        0.00000000       2.82044047         0.12383459
      200.00000000        0.00000000       3.30051646         0.19494995
      250.00000000        0.00000000       3.82306010         0.29035043
      300.00000000        0.00000000       4.36378521         0.39353008
      350.00000000        0.00000000       4.91243134         0.50110168
  11     0.00000000    F     np   3d1  2011 Navarro-Perez
        1.00000000        0.00000000      -0.00169272         0.00517360
        5.00000000        0.00000000      -0.17657032         0.00872184
       10.00000000        0.00000000      -0.66856504         0.01146039
       25.00000000        0.00000000      -2.78836511         0.03808628
       50.00000000        0.00000000      -6.41936998         0.09024381
      100.00000000        0.00000000     -12.24836913         0.16527973
      150.00000000        0.00000000     -16.54107498         0.22905942
      200.00000000        0.00000000     -19.81555724         0.32648181
      250.00000000        0.00000000     -22.38062099         0.47727653
      300.00000000        0.00000000     -24.42690859         0.67424689
      350.00000000        0.00000000     -26.07216905         0.91365424
  11     0.00000000    F     np   1d2  2011 Navarro-Perez
        1.00000000        0.00000000       0.00080029         0.00050618
        5.00000000        0.00000000       0.04114518         0.00075385
       10.00000000        0.00000000       0.15651692         0.00297669
       25.00000000        0.00000000       0.67618889         0.01572105
       50.00000000        0.00000000       1.70282421         0.03232381
      100.00000000        0.00000000       3.82331327         0.05676267
      150.00000000        0.00000000       5.73545602         0.07597727
      200.00000000        0.00000000       7.30872944         0.12871449
      250.00000000        0.00000000       8.55402292         0.23134760
      300.00000000        0.00000000       9.52821461         0.39111990
      350.00000000        0.00000000      10.29881099         0.64934623
  11     0.00000000    F     np   3d2  2011 Navarro-Perez
        1.00000000        0.00000000       0.00708024         0.00185043
        5.00000000        0.00000000       0.22285267         0.00305024
       10.00000000        0.00000000       0.85231039         0.01143948
       25.00000000        0.00000000       3.73703905         0.04702846
       50.00000000        0.00000000       9.01427813         0.11004840
      100.00000000        0.00000000      17.26863598         0.18711652
      150.00000000        0.00000000      22.06005506         0.21776221
      200.00000000        0.00000000      24.40573997         0.22179941
      250.00000000        0.00000000      25.22947744         0.23846257
      300.00000000        0.00000000      25.12120730         0.33723347
      350.00000000        0.00000000      24.44403838         0.54395414
  11     0.00000000    F     np   3p2  2011 Navarro-Perez
        1.00000000        0.00000000       0.02105386         0.00109825
        5.00000000        0.00000000       0.25464598         0.00392029
       10.00000000        0.00000000       0.71775347         0.01037448
       25.00000000        0.00000000       2.58906097         0.03823894
       50.00000000        0.00000000       5.91507412         0.06139737
      100.00000000        0.00000000      10.95759415         0.11572698
      150.00000000        0.00000000      13.87412958         0.25673571
      200.00000000        0.00000000      15.48840666         0.41648474
      250.00000000        0.00000000      16.36274252         0.57673143
      300.00000000        0.00000000      16.79791199         0.77461728
      350.00000000        0.00000000      16.96057580         1.02361217
  11     0.00000000    F     np   ep2  2011 Navarro-Perez
        1.00000000        0.00000000      -0.00109629         0.00079269
        5.00000000        0.00000000      -0.04946051         0.00110471
       10.00000000        0.00000000      -0.18293715         0.00273986
       25.00000000        0.00000000      -0.74960574         0.01817113
       50.00000000        0.00000000      -1.61862709         0.04063526
      100.00000000        0.00000000      -2.56831053         0.07577462
      150.00000000        0.00000000      -2.81685855         0.08502780
      200.00000000        0.00000000      -2.73312463         0.07671166
      250.00000000        0.00000000      -2.50949689         0.08533468
      300.00000000        0.00000000      -2.24698695         0.12596411
      350.00000000        0.00000000      -1.98933133         0.20425296
  11     0.00000000    F     np   3f2  2011 Navarro-Perez
        1.00000000        0.00000000       0.00153982         0.00346305
        5.00000000        0.00000000       0.00510429         0.00669907
       10.00000000        0.00000000       0.01524650         0.00725676
       25.00000000        0.00000000       0.09662901         0.01090900
       50.00000000        0.00000000       0.30909393         0.01288255
      100.00000000        0.00000000       0.74906553         0.02664688
      150.00000000        0.00000000       1.07933246         0.03772109
      200.00000000        0.00000000       1.24118470         0.07228718
      250.00000000        0.00000000       1.20465137         0.14166105
      300.00000000        0.00000000       0.96578044         0.24325500
      350.00000000        0.00000000       0.54108138         0.37571270
  11     0.00000000    F     np   1f3  2011 Navarro-Perez
        1.00000000        0.00000000      -0.00005658         0.00003581
        5.00000000        0.00000000      -0.01077899         0.00049282
       10.00000000        0.00000000      -0.06706571         0.00185820
       25.00000000        0.00000000      -0.41925234         0.00471142
       50.00000000        0.00000000      -1.11807516         0.01544689
      100.00000000        0.00000000      -2.16686059         0.05740807
      150.00000000        0.00000000      -2.86670186         0.11299898
      200.00000000        0.00000000      -3.46322367         0.16472477
      250.00000000        0.00000000      -4.08977065         0.18640422
      300.00000000        0.00000000      -4.81431614         0.18662146
      350.00000000        0.00000000      -5.65435114         0.20545742
  11     0.00000000    F     np   3f3  2011 Navarro-Perez
        1.00000000        0.00000000      -0.00002884         0.00002531
        5.00000000        0.00000000      -0.00301377         0.00191630
       10.00000000        0.00000000      -0.02629873         0.00281067
       25.00000000        0.00000000      -0.19624233         0.00668169
       50.00000000        0.00000000      -0.60960935         0.01652401
      100.00000000        0.00000000      -1.36781931         0.04226209
      150.00000000        0.00000000      -1.89973355         0.05825315
      200.00000000        0.00000000      -2.25886590         0.07873766
      250.00000000        0.00000000      -2.50985963         0.12423919
      300.00000000        0.00000000      -2.69631484         0.20209744
      350.00000000        0.00000000      -2.84994313         0.33307041
  11     0.00000000    F     np   3d3  2011 Navarro-Perez
        1.00000000        0.00000000      -0.00012012         0.00047223
        5.00000000        0.00000000      -0.00009914         0.00443602
       10.00000000        0.00000000       0.00549237         0.00710966
       25.00000000        0.00000000       0.05770070         0.01921536
       50.00000000        0.00000000       0.35986396         0.04527214
      100.00000000        0.00000000       1.50034988         0.08871823
      150.00000000        0.00000000       2.75238123         0.15318536
      200.00000000        0.00000000       3.75305529         0.25878192
      250.00000000        0.00000000       4.41081584         0.39185927
      300.00000000        0.00000000       4.74792631         0.54250459
      350.00000000        0.00000000       4.82274186         0.70961157
  11     0.00000000    F     np   ep3  2011 Navarro-Perez
        1.00000000        0.00000000       0.00003305         0.00007681
        5.00000000        0.00000000       0.01212600         0.00143626
       10.00000000        0.00000000       0.08057516         0.00078063
       25.00000000        0.00000000       0.55398498         0.00680904
       50.00000000        0.00000000       1.61816508         0.01491200
      100.00000000        0.00000000       3.51912991         0.03075549
      150.00000000        0.00000000       4.88717237         0.04873389
      200.00000000        0.00000000       5.84215656         0.07664867
      250.00000000        0.00000000       6.51089509         0.11936855
      300.00000000        0.00000000       6.98908958         0.17405529
      350.00000000        0.00000000       7.34383491         0.23635100
  11     0.00000000    F     np   3g3  2011 Navarro-Perez
        1.00000000        0.00000000       0.00001366         0.00003346
        5.00000000        0.00000000       0.00191242         0.00373790
       10.00000000        0.00000000      -0.00017412         0.00500857
       25.00000000        0.00000000      -0.04745453         0.00847207
       50.00000000        0.00000000      -0.25270401         0.01191795
      100.00000000        0.00000000      -0.93593520         0.01697613
      150.00000000        0.00000000      -1.76293922         0.03104834
      200.00000000        0.00000000      -2.60364781         0.06348768
      250.00000000        0.00000000      -3.39261905         0.11814920
      300.00000000        0.00000000      -4.09711662         0.19479439
      350.00000000        0.00000000      -4.70502943         0.29385959
  11     0.00000000    F     np   1g4  2011 Navarro-Perez
        1.00000000        0.00000000       0.00000005         0.00000012
        5.00000000        0.00000000       0.00017100         0.00010815
       10.00000000        0.00000000       0.00184557         0.00116725
       25.00000000        0.00000000       0.03181615         0.00115083
       50.00000000        0.00000000       0.13178533         0.00509362
      100.00000000        0.00000000       0.38966619         0.00866075
      150.00000000        0.00000000       0.66492305         0.01307730
      200.00000000        0.00000000       0.94815142         0.02134934
      250.00000000        0.00000000       1.23299034         0.03143772
      300.00000000        0.00000000       1.50892186         0.04696257
      350.00000000        0.00000000       1.76092452         0.08666573
  11     0.00000000    F     np   3g4  2011 Navarro-Perez
        1.00000000        0.00000000      -0.00000062         0.00000152
        5.00000000        0.00000000       0.00087819         0.00056721
       10.00000000        0.00000000       0.01254254         0.00161750
       25.00000000        0.00000000       0.17140174         0.00353419
       50.00000000        0.00000000       0.72473370         0.00708456
      100.00000000        0.00000000       2.19199594         0.02821882
      150.00000000        0.00000000       3.68166259         0.05124301
      200.00000000        0.00000000       5.05912246         0.07211666
      250.00000000        0.00000000       6.28530377         0.08315730
      300.00000000        0.00000000       7.35027482         0.09387674
      350.00000000        0.00000000       8.24788084         0.13816198
  11     0.00000000    F     np   3f4  2011 Navarro-Perez
        1.00000000        0.00000000      -0.00005157         0.00012631
        5.00000000        0.00000000      -0.00190695         0.00355382
       10.00000000        0.00000000      -0.00149969         0.00399192
       25.00000000        0.00000000       0.01374086         0.00675457
       50.00000000        0.00000000       0.09684682         0.01001660
      100.00000000        0.00000000       0.45646498         0.01543869
      150.00000000        0.00000000       0.98983782         0.01452298
      200.00000000        0.00000000       1.59488121         0.02187754
      250.00000000        0.00000000       2.19521261         0.04686876
      300.00000000        0.00000000       2.74059694         0.07505306
      350.00000000        0.00000000       3.19832146         0.12084396
  11     0.00000000    F     np   ep4  2011 Navarro-Perez
        1.00000000        0.00000000      -0.00000384         0.00000940
        5.00000000        0.00000000      -0.00034568         0.00042259
       10.00000000        0.00000000      -0.00232378         0.00153080
       25.00000000        0.00000000      -0.03978756         0.00064014
       50.00000000        0.00000000      -0.16826324         0.00369022
      100.00000000        0.00000000      -0.49327459         0.01542175
      150.00000000        0.00000000      -0.80149759         0.02660152
      200.00000000        0.00000000      -1.06177252         0.04159823
      250.00000000        0.00000000      -1.27127987         0.05359735
      300.00000000        0.00000000      -1.43570562         0.06174215
      350.00000000        0.00000000      -1.55509686         0.06919695
  11     0.00000000    F     np   3h4  2011 Navarro-Perez
        1.00000000        0.00000000       0.00000125         0.00000307
        5.00000000        0.00000000       0.00187978         0.00348446
       10.00000000        0.00000000       0.00230829         0.00369259
       25.00000000        0.00000000       0.00638497         0.00671789
       50.00000000        0.00000000       0.02659442         0.01058571
      100.00000000        0.00000000       0.09833345         0.01304403
      150.00000000        0.00000000       0.19299362         0.02086280
      200.00000000        0.00000000       0.29381093         0.03848421
      250.00000000        0.00000000       0.39676331         0.05545620
      300.00000000        0.00000000       0.49314431         0.06117424
      350.00000000        0.00000000       0.57816173         0.05353148
