  0.61608105509279920     
  0.10889170087267110     
   2.2773066174588976     
  -1.1817668142797133     
  0.19978191434623735     
   1.8779664429329177     
  0.17531920706700860     
 -0.22716414567047577     
  -2.5680728039433265     
  -1.2487468284256198     
  0.31314213686736614     
  0.15979021745652641     
  -2.5971345826213468     
 -0.63472567749081499     
   1.1865697157591770     
   1.0457138313218266     
  -1.4469757397535399     
  0.38630116683502091     
   1.8398409132245588     
  0.31796787452869441     
  -2.5423689449614955     
 -0.80425107427211517     
   1.3429380907008948     
   1.2375769143089694     
  0.20098590998112534     
 -0.15818171098140113     
 -0.52592048538081715     
 -0.18178363870327341     
 -0.78213614648279994     
  0.74856334653444234     
 -0.67525803818009511     
 -0.37387747925503934     
  -1.9711751462076983     
  -1.0770702380517414     
  -1.5177356678481078     
   1.7291267830647283     
  -1.6301824455984779     
  -1.2034735672461234     
  -1.7250318923076693     
  -1.7033676030839440     
   1.1967653601574788     
 -0.49940259467386605     
 -0.50329717959925646     
  0.81626678405275355     
  0.50049775918514028     
  0.65710406360047557     
   1.0689163619954787     
 -0.81124121147594119     
  0.46839646425273895     
 -0.72123694388359350     
  0.11282437670344862     
  0.43610930106849932     
   1.0134992439286690     
 -0.52107000968820383     
  -1.4488792336640732     
  -3.1435472104945447E-002
  0.47790697688544054     
 -0.18239106743593636     
 -0.28177288587628047     
   1.7753864710467990     
 -0.61942684960208227     
 -0.99837129129842783     
  0.15569148633159377     
  0.23088820347099412     
 -0.94726415827610377     
 -0.64172933532885024     
 -0.36319057646218872     
  0.31344194640535444     
   1.1825635554183636     
  0.41339840989521631     
  0.88972782967620423     
 -0.30773509526037579     
   1.5377373710721327     
 -0.18546049283941712     
   8.7460308541290596E-002
   1.0059296976750751     
  0.42044728400548015     
   1.1561100187441200     
 -0.69603752784965867     
  0.49118218820858722     
   1.0106324041181476     
  -1.0562809367806167     
 -0.75511293582542083     
   2.3429893908272450     
   4.8807574292274392E-002
  -1.1016685284282239     
  0.11724360240994984     
  0.33018820327989118     
 -0.48503171820685298     
   1.2280827830474699     
  0.66686646246879366     
 -0.20355216187479144     
   1.1273482834192701     
  0.36136481479131455     
 -0.39890260154435470     
  -1.0297720363989380     
 -0.55850706865883015     
  0.58064299302740141     
   8.4953726892127157E-002
  0.35794810260126936     
